%YAML:1.0
---
image_width: 640
image_height: 480
camera_matrix: !!opencv-matrix
   rows: 3
   cols: 3
   dt: d
   data: [ 648.086278227619, 0., 319.11347801297808, 0.,
       648.53506756455226, 225.03351919881936, 0., 0., 1. ]
dist_coeffs: !!opencv-matrix
   rows: 1
   cols: 5
   dt: d
   data: [ 0.19112464380050409, -1.0950552296893963,
       -0.0015424832519929125, -0.0081697053146912151,
       2.3016512626228711 ]
rms: 0.32452871760809954
used_images: 38
